%YAML:1.0
---
descriptors: !!opencv-matrix
   rows: 120
   cols: 128
   dt: f
   data: [ 0., 0., 0., 0., 7., 108., 6., 0., 118., 3., 0., 0., 0., 17.,
       3., 2., 145., 9., 0., 1., 5., 0., 0., 0., 19., 1., 0., 18., 144.,
       0., 0., 0., 0., 1., 2., 1., 6., 145., 10., 0., 97., 2., 0., 0.,
       0., 144., 22., 13., 145., 14., 0., 1., 10., 3., 4., 11., 25., 2.,
       0., 20., 145., 0., 0., 0., 1., 5., 4., 3., 2., 22., 2., 0., 29.,
       7., 1., 0., 0., 107., 38., 25., 145., 2., 0., 1., 13., 11., 19.,
       64., 23., 1., 0., 17., 145., 0., 0., 1., 0., 2., 1., 2., 8., 1.,
       0., 0., 25., 40., 5., 3., 6., 3., 5., 7., 104., 23., 0., 1., 13.,
       1., 3., 23., 11., 1., 0., 11., 145., 0., 0., 1., 27., 123., 44.,
       10., 20., 6., 0., 0., 5., 44., 75., 85., 38., 6., 7., 7., 19.,
       123., 11., 9., 2., 1., 10., 4., 7., 38., 2., 2., 6., 1., 0., 0.,
       10., 21., 20., 8., 20., 22., 40., 9., 94., 14., 28., 11., 0., 14.,
       62., 123., 29., 43., 2., 1., 14., 123., 93., 37., 11., 68., 43.,
       2., 5., 22., 6., 0., 10., 0., 8., 12., 18., 31., 74., 14., 123.,
       22., 0., 1., 6., 13., 38., 101., 79., 7., 0., 0., 21., 123., 46.,
       33., 0., 8., 16., 0., 6., 108., 123., 0., 0., 0., 2., 2., 1., 1.,
       123., 38., 30., 0., 0., 0., 0., 1., 117., 123., 22., 0., 0., 0.,
       0., 20., 22., 47., 0., 0., 0., 0., 4., 35., 64., 0., 8., 0., 4.,
       25., 83., 45., 15., 5., 130., 1., 2., 5., 21., 3., 0., 33., 67.,
       0., 0., 21., 130., 3., 1., 15., 7., 3., 0., 19., 99., 0., 0., 0.,
       19., 0., 0., 34., 130., 11., 4., 7., 130., 12., 5., 17., 31., 0.,
       0., 30., 56., 6., 7., 130., 130., 0., 0., 5., 0., 1., 3., 60.,
       67., 1., 3., 2., 15., 6., 0., 55., 130., 0., 0., 1., 104., 76.,
       58., 34., 12., 0., 1., 6., 9., 11., 46., 130., 30., 0., 16., 24.,
       0., 0., 2., 24., 6., 1., 55., 75., 1., 2., 1., 55., 84., 2., 14.,
       13., 3., 13., 12., 4., 3., 0., 48., 81., 0., 1., 7., 10., 3., 1.,
       84., 116., 0., 0., 7., 25., 2., 0., 43., 67., 0., 0., 7., 114.,
       87., 0., 0., 0., 0., 2., 85., 83., 14., 3., 8., 9., 40., 0., 18.,
       74., 11., 14., 8., 18., 89., 0., 0., 3., 2., 3., 4., 78., 10., 1.,
       1., 122., 112., 0., 0., 2., 77., 3., 5., 23., 14., 17., 28., 72.,
       74., 2., 1., 1., 66., 86., 28., 24., 122., 8., 0., 0., 6., 3., 0.,
       10., 23., 3., 0., 41., 120., 3., 0., 0., 122., 23., 0., 1., 20.,
       6., 1., 12., 83., 9., 0., 0., 122., 34., 1., 5., 122., 19., 0.,
       0., 15., 2., 0., 0., 9., 1., 0., 2., 60., 55., 7., 12., 118., 7.,
       0., 0., 15., 5., 5., 73., 55., 5., 0., 2., 122., 7., 0., 9., 122.,
       16., 0., 0., 18., 1., 0., 0., 6., 31., 18., 1., 9., 30., 35., 42.,
       15., 105., 35., 2., 2., 14., 26., 31., 26., 84., 17., 18., 12.,
       29., 11., 19., 39., 12., 11., 37., 21., 44., 8., 20., 18., 8.,
       23., 20., 70., 46., 13., 18., 111., 23., 18., 8., 7., 14., 46.,
       111., 20., 12., 7., 39., 111., 43., 53., 63., 95., 12., 9., 55.,
       51., 1., 0., 9., 28., 3., 2., 37., 111., 7., 2., 47., 111., 60.,
       25., 13., 11., 6., 13., 93., 14., 25., 46., 97., 111., 15., 12.,
       11., 92., 3., 2., 20., 49., 9., 21., 87., 50., 0., 1., 39., 28.,
       1., 3., 111., 21., 2., 4., 10., 63., 29., 25., 102., 7., 1., 12.,
       21., 37., 16., 48., 95., 8., 0., 0., 1., 4., 3., 67., 111., 28.,
       30., 10., 7., 14., 42., 56., 29., 11., 5., 20., 23., 71., 51.,
       15., 6., 61., 9., 28., 11., 5., 5., 23., 99., 5., 1., 0., 0., 0.,
       71., 79., 32., 13., 25., 16., 14., 13., 60., 88., 20., 36., 5.,
       8., 37., 110., 126., 25., 7., 130., 24., 3., 4., 11., 17., 16.,
       68., 39., 20., 20., 0., 0., 45., 80., 16., 3., 22., 16., 0., 0.,
       58., 79., 12., 10., 3., 3., 3., 45., 130., 79., 10., 129., 55.,
       49., 3., 38., 83., 23., 23., 14., 44., 130., 5., 0., 4., 15., 1.,
       11., 118., 73., 1., 1., 2., 11., 19., 1., 28., 68., 40., 66., 27.,
       16., 3., 4., 5., 13., 20., 71., 23., 49., 36., 6., 5., 30., 3.,
       0., 21., 96., 20., 42., 38., 0., 1., 35., 62., 0., 0., 8., 27.,
       2., 10., 48., 132., 3., 0., 16., 67., 38., 8., 13., 26., 10., 43.,
       10., 91., 15., 1., 1., 16., 25., 27., 69., 99., 39., 51., 10., 6.,
       0., 0., 21., 12., 37., 132., 53., 35., 0., 2., 132., 30., 18.,
       43., 16., 11., 13., 107., 26., 15., 3., 2., 51., 73., 32., 50.,
       13., 40., 125., 68., 7., 21., 7., 2., 39., 5., 48., 132., 7., 6.,
       27., 78., 132., 80., 6., 8., 1., 2., 14., 48., 47., 55., 7., 4.,
       54., 28., 0., 1., 13., 12., 20., 22., 14., 32., 8., 5., 71., 25.,
       5., 5., 8., 18., 28., 92., 56., 68., 17., 19., 33., 22., 20., 23.,
       26., 100., 37., 12., 7., 3., 0., 0., 0., 1., 19., 35., 4., 0., 0.,
       0., 80., 6., 9., 74., 11., 0., 0., 17., 90., 3., 2., 88., 53., 0.,
       0., 24., 42., 5., 4., 116., 68., 0., 0., 18., 4., 13., 38., 97.,
       10., 0., 0., 0., 125., 20., 12., 86., 10., 0., 0., 17., 71., 6.,
       5., 125., 101., 0., 0., 10., 124., 1., 2., 80., 37., 0., 0., 58.,
       20., 6., 7., 68., 76., 10., 3., 0., 125., 44., 31., 80., 12., 0.,
       0., 2., 46., 9., 17., 125., 60., 2., 0., 10., 125., 3., 1., 16.,
       6., 0., 0., 66., 9., 8., 2., 38., 112., 4., 0., 0., 31., 28., 33.,
       28., 5., 1., 1., 4., 48., 2., 8., 32., 16., 10., 2., 12., 125.,
       10., 0., 0., 1., 1., 0., 23., 6., 2., 20., 10., 11., 2., 0., 4.,
       73., 11., 11., 18., 65., 9., 0., 0., 131., 29., 0., 1., 59., 4.,
       0., 0., 5., 5., 2., 3., 131., 23., 6., 1., 1., 1., 67., 68., 27.,
       1., 2., 6., 68., 25., 77., 36., 10., 0., 30., 33., 131., 46., 3.,
       1., 47., 13., 7., 33., 13., 9., 10., 7., 131., 75., 9., 2., 45.,
       2., 3., 13., 82., 21., 5., 36., 109., 5., 5., 1., 1., 1., 131.,
       131., 92., 2., 0., 0., 6., 13., 65., 131., 6., 0., 1., 0., 30.,
       131., 67., 8., 66., 10., 0., 0., 72., 23., 0., 2., 131., 42., 0.,
       0., 3., 1., 9., 21., 25., 13., 0., 0., 0., 0., 9., 19., 1., 3.,
       3., 1., 0., 5., 8., 1., 11., 3., 26., 10., 0., 0., 0., 2., 133.,
       2., 6., 6., 5., 2., 4., 72., 63., 1., 0., 8., 133., 34., 13., 43.,
       133., 16., 9., 6., 37., 4., 0., 10., 27., 1., 0., 0., 0., 2., 3.,
       5., 133., 13., 2., 9., 14., 0., 0., 30., 77., 13., 4., 79., 133.,
       1., 1., 7., 66., 73., 58., 27., 38., 0., 6., 20., 18., 4., 1., 0.,
       1., 1., 1., 2., 133., 91., 37., 23., 4., 0., 3., 14., 16., 24.,
       39., 114., 77., 2., 38., 68., 2., 8., 10., 18., 12., 1., 62.,
       133., 2., 1., 0., 0., 0., 0., 16., 48., 7., 14., 8., 4., 0., 0.,
       49., 133., 1., 3., 13., 42., 1., 0., 60., 122., 0., 0., 16., 68.,
       1., 0., 14., 31., 41., 10., 44., 56., 7., 6., 4., 34., 37., 17.,
       23., 16., 2., 0., 86., 142., 55., 16., 8., 1., 0., 0., 26., 142.,
       6., 2., 0., 1., 0., 1., 7., 13., 58., 84., 22., 37., 57., 19., 1.,
       14., 57., 142., 142., 0., 0., 0., 16., 46., 112., 142., 75., 0.,
       0., 0., 4., 16., 20., 19., 3., 2., 0., 0., 0., 1., 28., 13., 10.,
       38., 13., 23., 25., 39., 83., 37., 36., 1., 10., 16., 32., 64.,
       142., 44., 7., 0., 2., 3., 3., 51., 49., 4., 1., 0., 0., 0., 1.,
       9., 31., 2., 0., 2., 74., 78., 32., 17., 105., 4., 0., 11., 31.,
       5., 2., 25., 142., 0., 0., 1., 3., 1., 0., 45., 31., 0., 0., 0.,
       0., 0., 0., 6., 0., 21., 52., 0., 1., 49., 93., 2., 1., 12., 31.,
       5., 2., 71., 123., 2., 14., 6., 5., 7., 4., 22., 123., 122., 26.,
       0., 0., 1., 1., 0., 5., 95., 0., 65., 123., 1., 3., 15., 26., 0.,
       11., 105., 123., 7., 8., 10., 21., 1., 77., 123., 59., 0., 0., 2.,
       30., 20., 14., 14., 7., 3., 0., 0., 2., 10., 0., 2., 6., 11., 52.,
       32., 29., 0., 68., 39., 33., 27., 77., 14., 2., 8., 123., 123.,
       64., 0., 0., 0., 0., 22., 17., 45., 112., 2., 0., 0., 0., 0., 0.,
       3., 4., 8., 39., 16., 1., 0., 12., 17., 2., 5., 38., 59., 45., 1.,
