%YAML:1.0
---
descriptors: !!opencv-matrix
   rows: 121
   cols: 128
   dt: f
   data: [ 2., 1., 0., 0., 8., 4., 0., 0., 27., 34., 10., 1., 2., 1., 0.,
       2., 3., 26., 126., 15., 3., 1., 0., 1., 0., 7., 126., 4., 1., 4.,
       2., 0., 20., 3., 0., 5., 126., 37., 0., 1., 126., 32., 7., 5.,
       35., 15., 7., 50., 18., 12., 100., 51., 126., 37., 7., 15., 0.,
       7., 126., 16., 20., 2., 7., 3., 18., 9., 12., 69., 126., 4., 4.,
       2., 126., 86., 21., 22., 35., 3., 8., 19., 13., 20., 21., 65.,
       126., 21., 47., 23., 0., 0., 3., 2., 19., 7., 126., 60., 1., 3.,
       14., 32., 24., 7., 106., 30., 13., 13., 4., 2., 3., 17., 126.,
       51., 9., 12., 16., 5., 3., 16., 62., 59., 2., 6., 53., 21., 1.,
       2., 64., 42., 1., 0., 19., 29., 0., 0., 9., 30., 0., 0., 52.,
       117., 0., 2., 14., 22., 28., 4., 60., 96., 1., 11., 12., 11., 99.,
       10., 12., 14., 15., 18., 13., 56., 14., 3., 85., 112., 0., 0., 0.,
       6., 111., 4., 36., 60., 8., 24., 45., 115., 53., 7., 3., 7., 91.,
       122., 56., 36., 122., 65., 6., 4., 18., 7., 2., 20., 33., 5., 13.,
       19., 0., 0., 0., 2., 122., 67., 4., 4., 20., 8., 4., 31., 47.,
       22., 5., 10., 122., 86., 47., 43., 27., 11., 1., 1., 8., 11., 51.,
       122., 8., 1., 0., 0., 0., 0., 31., 63., 97., 30., 2., 1., 1., 0.,
       25., 122., 21., 12., 5., 5., 9., 8., 35., 77., 0., 0., 4., 4., 0.,
       1., 23., 41., 15., 1., 1., 0., 0., 1., 2., 4., 155., 0., 0., 2.,
       15., 0., 0., 52., 77., 0., 0., 31., 155., 1., 0., 15., 0., 0., 0.,
       8., 69., 0., 0., 0., 35., 3., 1., 1., 2., 1., 0., 3., 155., 35.,
       5., 10., 33., 0., 0., 41., 60., 10., 5., 72., 155., 1., 0., 9.,
       0., 0., 0., 11., 58., 1., 1., 0., 16., 7., 0., 0., 1., 29., 25.,
       0., 114., 154., 61., 25., 8., 5., 3., 1., 11., 35., 69., 152.,
       117., 0., 0., 0., 0., 1., 1., 14., 20., 0., 0., 0., 0., 1., 0.,
       0., 0., 128., 106., 0., 1., 14., 15., 2., 0., 103., 79., 0., 0.,
       3., 17., 17., 1., 38., 23., 0., 0., 0., 0., 3., 2., 5., 3., 0.,
       40., 60., 10., 16., 9., 0., 0., 1., 31., 92., 12., 36., 33., 4.,
       8., 2., 41., 129., 20., 0., 0., 1., 4., 2., 5., 73., 10., 0., 1.,
       0., 0., 0., 46., 17., 3., 3., 2., 7., 26., 38., 43., 16., 2., 6.,
       12., 30., 94., 83., 40., 129., 15., 0., 22., 116., 64., 19., 129.,
       124., 5., 0., 2., 6., 1., 4., 18., 12., 9., 12., 12., 25., 25.,
       14., 129., 28., 1., 2., 10., 15., 12., 38., 70., 3., 0., 0., 120.,
       129., 15., 19., 129., 5., 0., 0., 12., 17., 3., 20., 21., 19.,
       34., 20., 3., 0., 0., 1., 129., 16., 6., 3., 6., 1., 0., 8., 58.,
       0., 0., 0., 108., 31., 1., 8., 123., 1., 0., 0., 16., 9., 1., 18.,
       1., 29., 49., 13., 12., 6., 0., 1., 27., 49., 41., 17., 0., 0.,
       5., 29., 123., 74., 15., 2., 0., 0., 7., 22., 12., 11., 65., 14.,
       7., 6., 4., 3., 19., 2., 2., 1., 42., 46., 0., 15., 116., 9., 1.,
       1., 1., 13., 48., 129., 42., 17., 28., 13., 29., 129., 77., 70.,
       2., 5., 101., 28., 6., 27., 48., 7., 28., 3., 0., 0., 52., 109.,
       16., 18., 129., 26., 0., 2., 3., 13., 16., 107., 75., 6., 1., 9.,
       39., 129., 48., 23., 7., 0., 0., 1., 23., 96., 122., 15., 17., 3.,
       2., 5., 22., 63., 15., 49., 100., 0., 1., 10., 14., 7., 11., 129.,
       40., 11., 8., 27., 30., 4., 3., 22., 15., 6., 4., 41., 78., 15.,
       4., 4., 3., 0., 0., 12., 130., 1., 0., 2., 130., 0., 0., 5., 85.,
       0., 0., 17., 40., 0., 0., 6., 130., 2., 0., 5., 27., 1., 0., 1.,
       41., 0., 0., 1., 7., 1., 0., 41., 130., 0., 0., 0., 130., 14., 3.,
       18., 84., 0., 0., 14., 41., 4., 4., 35., 130., 1., 0., 3., 23.,
       5., 0., 2., 48., 1., 2., 2., 4., 3., 24., 116., 119., 1., 6., 2.,
       69., 74., 35., 33., 37., 1., 26., 16., 8., 16., 34., 83., 73., 4.,
       69., 21., 3., 1., 1., 4., 15., 3., 105., 49., 0., 0., 24., 35.,
       6., 2., 90., 33., 2., 5., 27., 15., 2., 1., 130., 57., 0., 1.,
       50., 31., 1., 1., 111., 39., 0., 0., 58., 41., 0., 0., 57., 23.,
       3., 0., 4., 103., 72., 1., 0., 1., 122., 1., 1., 37., 39., 0., 8.,
       97., 49., 2., 1., 0., 0., 3., 122., 89., 1., 2., 1., 0., 0., 1.,
       100., 56., 17., 2., 3., 67., 108., 3., 0., 2., 122., 39., 7., 14.,
       19., 0., 0., 51., 81., 35., 55., 13., 0., 0., 3., 22., 5., 40.,
       12., 1., 0., 0., 3., 2., 9., 4., 0., 9., 87., 94., 15., 1., 101.,
       122., 34., 3., 8., 34., 33., 11., 19., 122., 122., 16., 4., 5.,
       4., 3., 34., 122., 18., 1., 0., 0., 0., 0., 0., 0., 0., 2., 4.,
       68., 21., 0., 3., 4., 2., 12., 7., 56., 81., 10., 6., 39., 15.,
       24., 54., 30., 17., 4., 50., 122., 4., 2., 7., 1., 0., 0., 0., 0.,
       32., 26., 0., 0., 53., 68., 0., 0., 87., 67., 0., 1., 39., 45.,
       8., 1., 105., 89., 2., 6., 15., 17., 18., 2., 50., 38., 0., 0.,
       28., 69., 13., 3., 101., 87., 1., 0., 3., 6., 77., 5., 61., 40.,
       7., 19., 35., 74., 61., 1., 14., 15., 63., 85., 35., 27., 134.,
       1., 1., 0., 3., 2., 12., 73., 33., 6., 7., 9., 17., 11., 0., 1.,
       134., 30., 1., 0., 28., 8., 4., 21., 89., 6., 0., 0., 134., 37.,
       4., 6., 134., 9., 0., 0., 12., 2., 0., 2., 17., 3., 0., 0., 39.,
       9., 0., 0., 134., 34., 0., 0., 16., 1., 0., 0., 72., 11., 0., 0.,
       134., 13., 0., 0., 134., 24., 1., 1., 16., 1., 0., 0., 0., 0.,
       44., 114., 44., 0., 0., 1., 6., 2., 98., 84., 9., 0., 8., 40., 1.,
       0., 44., 28., 0., 0., 52., 54., 0., 0., 14., 4., 0., 2., 63., 35.,
       13., 0., 26., 89., 61., 3., 9., 7., 112., 9., 2., 11., 15., 4.,
       42., 114., 12., 5., 0., 0., 0., 54., 114., 61., 3., 0., 0., 1.,
       1., 30., 49., 27., 9., 0., 9., 14., 2., 39., 114., 26., 114., 73.,
       7., 1., 0., 52., 102., 34., 21., 114., 67., 1., 1., 48., 51., 8.,
       0., 35., 35., 1., 1., 82., 56., 1., 2., 0., 0., 0., 0., 31., 88.,
       15., 2., 6., 2., 0., 1., 114., 98., 1., 0., 40., 45., 2., 5.,
       114., 31., 0., 0., 102., 63., 1., 2., 43., 7., 0., 0., 2., 26.,
       64., 34., 50., 62., 5., 7., 24., 55., 16., 3., 4., 36., 13., 3.,
       11., 64., 31., 9., 2., 21., 7., 4., 14., 66., 10., 3., 1., 11.,
       4., 22., 12., 40., 131., 131., 3., 0., 0., 131., 61., 58., 35.,
       41., 16., 9., 44., 79., 16., 39., 46., 131., 38., 9., 32., 75.,
       16., 38., 23., 69., 25., 5., 33., 26., 2., 4., 72., 131., 25.,
       56., 22., 131., 44., 9., 21., 41., 10., 40., 76., 77., 15., 8.,
       40., 131., 35., 36., 41., 70., 5., 2., 28., 72., 28., 34., 31.,
       3., 21., 12., 6., 5., 9., 53., 20., 9., 10., 58., 11., 3., 4.,
       34., 44., 2., 14., 88., 3., 5., 15., 29., 14., 3., 33., 52., 0.,
       2., 12., 34., 12., 2., 12., 12., 0., 0., 0., 0., 2., 1., 41., 51.,
       0., 0., 3., 18., 16., 0., 75., 111., 0., 1., 14., 14., 2., 0.,
       80., 137., 0., 0., 0., 0., 0., 22., 0., 0., 0., 0., 1., 1., 12.,
       129., 1., 0., 0., 9., 37., 74., 134., 10., 3., 4., 0., 103., 164.,
       63., 21., 2., 12., 18., 0., 15., 8., 0., 1., 47., 2., 1., 1., 0.,
       0., 0., 2., 164., 18., 0., 1., 44., 12., 6., 26., 51., 4., 0., 3.,
       164., 56., 5., 7., 1., 1., 0., 0., 47., 7., 1., 1., 34., 3., 0.,
       0., 0., 0., 0., 0., 164., 23., 0., 1., 37., 1., 0., 0., 50., 5.,
       0., 4., 164., 6., 0., 0., 0., 0., 2., 2., 42., 1., 1., 0., 4., 0.,
       2., 6., 7., 1., 8., 79., 5., 6., 20., 79., 25., 1., 1., 13., 36.,
       22., 14., 32., 1., 0., 3., 47., 7., 1., 0., 1., 0., 0., 6., 53.,
       1., 0., 2., 43., 26., 2., 4., 10., 23., 30., 33., 156., 124., 1.,
       0., 0., 156., 110., 30., 29., 5., 0., 0., 10., 37., 5., 1., 1.,
       1., 0., 0., 13., 0., 1., 29., 126., 30., 0., 0., 0., 78., 6., 5.,
       116., 156., 5., 0., 5., 156., 15., 5., 9., 18., 1., 0., 15., 39.,
       13., 12., 3., 1., 0., 0., 1., 15., 34., 33., 28., 22., 0., 0., 0.,
       71., 0., 1., 11., 156., 3., 0., 2., 156., 5., 3., 17., 26., 1.,
       0., 6., 25., 51., 41., 48., 19., 0., 0., 0., 18., 24., 10., 14.,
